-1.1355
-1.1355
-1.1867
-1.0826
-1.0950
-1.0950
-1.1249
-1.1249
-1.1249
-1.1249
-1.0884
-1.0884
-1.1133
-1.1403
-1.1403
-1.0644
-1.0644
-1.0644
-1.0619
-1.1116
-1.1116
-1.1116
-1.1116
-1.1338
-1.1338
-1.1480
-1.0715
-1.1258
-1.0715
-1.0715
-1.1508
-1.1508
-1.1508
-1.1508
-1.1926
-1.1881
-1.1881
-1.1881
-1.1881
-1.2297
-1.2297
-1.2048
-1.2048
-1.2048
-1.3502
-1.3481
-1.2896
-1.2717
-1.2717
-1.2717
-1.3643
-1.3643
-1.2787
-1.3295
-1.3295
-1.3295
-1.3295
-1.3295
-1.2078
-1.2078
-1.2078
-1.2078
-1.2078
-1.2078
-1.2093
-1.2033
-1.1509
-1.1509
-1.1030
-1.0804
-1.0804
-1.0546
-1.0546
-1.0546
-1.0546
-1.0741
-1.1507
-1.1507
-1.1734
-1.1734
-1.1734
-1.2064
-1.2064
-1.2064
-1.2315
-1.2957
-1.3510
-1.3436
-1.3436
-1.3436
-1.2448
-1.3118
-1.4426
-1.4861
-1.4752
-1.6313
-1.5431
-1.5871
-1.5871
-1.5871
-1.5269
-1.5269
-1.5269
-1.5269
-1.5269
-1.5707
-1.6063
-1.6562
-1.6562
-1.6522
-1.6645
-1.6645
-1.6768
-1.6768
-1.6768
-1.6792
-1.6792
-1.6792
-1.6609
-1.6609
-1.6609
-1.5223
-1.6127
-1.6127
-1.6434
-1.6222
-1.5499
-1.5499
-1.5499
-1.5786
-1.5997
-1.5997
-1.5997
-1.5997
-1.5685
-1.6099
-1.6099
-1.6099
-1.5990
-1.4593
-1.4403
-1.4488
-1.5585
-1.4985
-1.5422
-1.5422
-1.4115
-1.4696
-1.4696
-1.4263
-1.4923
-1.4923
-1.4923
-1.3749
-1.3749
-1.3749
-1.3608
-1.3608
-1.3608
-1.3167
-1.3167
-1.3167
-1.3167
-1.3167
-1.3167
-1.2874
-1.3448
-1.2895
-1.3041
-1.3041
-1.3041
-1.3041
-1.3043
-1.3043
-1.3301
-1.2757
-1.2757
-1.2757
-1.2884
-1.3570
-1.3570
-1.3490
-1.3490
-1.3490
-1.3490
-1.3490
-1.3609
-1.3558
-1.3231
-1.3231
-1.3821
-1.3821
-1.3868
-1.3868
-1.2743
-1.4698
-1.3806
-1.3806
-1.2733
-1.2733
-1.2502
-1.2502
-1.3289
-1.3289
-1.3465
-1.3465
-1.3465
-1.3465
-1.3913
-1.4005
-1.4710
-1.4858
-1.4299
-1.5390
-1.5390
-1.5390
-1.5390
-1.5390
-1.4447
-1.4447
-1.4392
-1.4392
-1.4392
-1.4698
-1.4427
-1.4427
-1.4427
-1.4326
-1.4326
-1.4309
-1.4309
-1.4309
-1.4309
-1.4713
-1.5083
-1.4258
-1.4258
-1.2730
-1.2730
-1.3959
-1.3599
-1.3166
-1.3166
-1.1958
-1.1958
-1.2297
-1.2297
-1.1981
-1.2113
-1.2113
-1.2113
-1.2113
-1.2463
-1.2463
-1.2731
-1.1959
-1.1959
-1.3050
-1.3050
-1.2664
-1.3033
-1.2676
-1.2676
-1.2676
-1.2676
-1.2676
-1.2294
-1.2228
-1.2228
-1.2180
-1.2180
-1.2180
-1.2180
-1.2180
-1.2180
-1.2032
-1.2032
-1.1402
-1.1407
-1.1407
-1.1407
-1.1407
-1.3489
-1.3489
-1.3489
-1.3489
-1.3489
-1.3292
-1.2291
-1.2012
-1.2012
-1.2012
-1.2012
-1.2012
-1.2012
-1.2012
-1.2531
-1.2531
-1.2531
-1.2871
-1.2871
-1.2871
-1.3741
-1.3058
-1.2815
-1.2815
-1.2815
-1.2815
-1.3096
-1.3028
-1.3784
-1.3784
-1.3784
-1.3784
-1.3784
-1.3445
-1.4389
-1.4681
-1.5497
-1.4453
-1.4453
-1.4453
-1.4453
-1.4453
-1.2947
-1.3041
-1.3041
-1.3041
-1.3041
-1.3915
-1.3545
-1.3545
-1.3545
-1.2940
-1.2964
-1.3397
-1.3397
-1.3397
-1.2800
-1.2800
-1.2800
-1.2851
-1.2971
-1.2971
-1.1509
-1.1509
-1.1095
-1.1095
-1.1095
-1.2759
-1.1809
-1.2131
-1.2131
-1.2131
-1.2939
-1.2267
-1.2267
-1.3531
-1.3531
-1.3667
-1.4068
-1.3280
-1.2937
-1.2937
-1.2937
-1.2937
-1.2761
-1.2761
-1.2974
-1.2471
-1.2471
-1.2186
-1.2186
-1.0310
-1.0483
-1.0608
-1.0608
-1.1587
-1.1111
-1.0878
-1.1445
-1.1983
-1.2420
-1.3112
-1.2433
-1.2433
-1.1781
-1.1458
-1.1458
-1.1458
-1.1458
-1.1458
-1.1458
-1.1458
-1.1458
-1.1458
-1.1458
-1.1458
-1.1458
-1.1568
-1.1568
-1.1448
-1.1448
-1.2085
-1.2190
-1.1582
-1.1922
-1.1922
-1.1922
-1.1922
-1.1856
-1.1513
-1.1046
-1.1046
-1.1046
-1.1046
-1.1912
-1.0805
-1.1067
-1.1423
-1.1423
-1.1423
-1.1401
-1.1401
-1.2592
-1.1994
-1.1994
-1.2014
-1.2286
-1.1671
-1.1671
-1.1671
-1.1901
-1.0969
-1.0969
-1.1203
-1.1203
-0.9843
-0.9843
-1.0800
-0.9375
-0.9900
-0.9900
-0.9169
-0.9169
-0.9121
-1.1722
-1.1722
-1.1722
-1.1767
-1.2144
-1.0462
-1.0462
-1.0582
-1.1258
-1.1258
-1.1061
-1.1061
-1.1061
-1.2293
-1.2293
-1.2293
-1.2293
-1.3115
-1.2800
-1.2505
-1.2505
-1.2505
-1.2505
-1.2783
-1.1952
-1.1960
-1.2730
-1.1889
-1.2352
-1.2573
-1.1993
-1.1993
-1.1993
-1.1993
-1.2555
-1.2555
-1.2555
-1.2848
-1.2628
-1.1601
-1.1303
-1.0771
-1.0771
-1.2010
-1.1198
-1.1198
-1.1198
-1.0817
-1.0792
-1.0792
-1.0497
-1.0497
-0.9803
-1.0509
-1.0509
-1.1543
-1.1543
-1.1543
-1.2126
-1.1342
-1.1342
-1.1899
-1.1808
-1.1215
-1.1567
-1.1509
-1.2550
-1.2550
-1.2781
-1.2781
-1.2781
-1.2498
-1.2498
-1.2498
-1.2287
-1.2287
-1.2287
-1.2811
-1.2811
-1.2940
-1.3193
-1.1752
-1.1752
-1.1752
-1.1752
-1.1752
-1.2067
-1.2067
-1.2067
-1.2067
-1.2067
-1.1406
-1.1760
-1.1760
-1.2707
-1.1670
-1.2155
-1.2155
-1.0986
-1.1088
-1.1088
-0.9299
-0.9299
-0.9600
-0.9600
-0.9600
-0.9774
-0.9810
-0.9810
-0.9454
-0.9915
-1.0572
-1.1199
-1.2119
-1.1935
-1.1935
-1.1690
-1.1690
-1.1807
-1.1807
-1.1807
-1.2686
-1.2686
-1.2133
-1.2133
-1.2944
-1.3180
-1.1714
-1.1714
-1.2783
-1.2927
-1.3359
-1.3359
-1.3359
-1.4149
-1.4149
-1.4149
-1.4149
-1.4149
-1.4149
-1.4598
-1.4598
-1.3700
-1.2649
-1.3597
-1.2974
-1.2974
-1.3786
-1.2620
-1.2620
-1.2620
-1.2413
-1.2413
-1.2413
-1.2413
-1.1717
-1.1717
-1.1669
-1.1182
-1.1526
-1.1531
-1.1531
-1.1531
-1.1484
-1.1520
-1.1830
-1.1830
-1.1830
-1.2194
-1.1780
-1.1907
-1.0768
-1.0916
-1.0916
-1.0916
-1.0916
-1.0916
-1.0998
-1.0780
-1.0780
-1.0780
-1.0780
-1.1043
-1.1043
-1.1043
-1.0258
-1.0117
-1.1218
-1.1218
-1.1815
-1.1815
-1.1815
-1.1398
-1.0983
-1.0983
-1.0983
-1.1015
-1.1330
-1.1840
-1.2790
-1.2790
-1.3231
-1.4181
-1.2790
-1.2790
-1.3361
-1.3361
-1.3361
-1.2659
-1.2659
-1.2659
-1.3522
-1.3544
-1.3544
-1.3092
-1.3092
-1.2758
-1.2758
-1.3231
-1.3231
-1.3231
-1.3231
-1.3583
-1.3583
-1.3583
-1.3583
-1.3583
-1.3583
-1.3583
-1.4253
-1.4253
-1.2782
-1.2782
-1.2678
-1.2678
-1.3886
-1.3886
-1.2908
-1.2908
-1.3242
-1.3116
-1.3116
-1.3852
-1.2867
-1.2867
-1.2867
-1.2867
-1.2867
-1.2867
-1.3384
-1.3384
-1.3384
-1.2826
-1.2826
-1.3018
-1.3629
-1.3629
-1.4808
-1.4459
-1.4212
-1.3683
-1.3683
-1.3683
-1.3210
-1.3210
-1.3210
-1.3210
-1.3210
-1.3136
-1.4166
-1.4166
-1.4166
-1.4166
-1.4166
-1.5190
-1.4993
-1.4359
-1.4359
-1.3840
-1.3979
-1.4083
-1.4083
-1.4083
-1.3540
-1.2833
-1.2976
-1.2976
-1.3092
-1.3015
-1.2678
-1.2117
-1.2117
-1.1732
-1.3440
-1.3440
-1.3524
-1.3524
-1.3524
-1.3912
-1.3912
-1.3912
-1.3622
-1.3622
-1.2838
-1.2838
-1.3009
-1.3009
-1.3250
-1.3250
-1.3250
-1.3773
-1.3773
-1.3773
-1.3330
-1.2928
-1.2928
-1.2928
-1.2928
-1.3238
-1.3238
-1.3238
-1.3238
-1.3238
-1.3238
-1.3426
-1.3682
-1.3682
-1.3589
-1.3589
-1.4458
-1.3647
-1.3583
-1.4084
-1.4084
-1.3386
-1.3538
-1.3538
-1.3538
-1.3889
-1.3889
-1.3547
-1.5060
-1.4208
-1.4208
-1.4208
-1.3410
-1.3410
-1.2503
-1.2090
-1.1799
-1.1610
-1.1610
-1.1610
-1.1610
-1.1610
-1.1266
-1.1266
-1.1656
-1.1249
-1.1258
-1.1368
-1.1368
-1.1968
-1.1968
-1.1968
-1.1968
-1.1968
-1.1440
-1.1145
-1.1145
-1.1469
-1.2311
-1.1977
-1.1670
-1.1670
-1.2284
-1.2836
-1.1799
-1.1799
-1.2360
-1.1368
-1.1368
-1.1368
-1.1368
-1.1218
-1.1218
-1.2432
-1.1946
-1.1946
-1.1946
-1.1946
-1.2306
-1.2306
-1.2306
-1.2306
-1.1465
-1.1565
-1.1574
-1.1574
-1.1574
-1.1495
-1.1077
-1.1077
-1.0558
-1.0558
-1.0558
-1.1282
-1.1282
-1.1282
-1.1282
-1.1282
-1.1808
-1.1808
-1.1808
-1.1808
-1.1785
-1.1785
-1.1941
-1.1751
-1.1751
-1.1751
-1.1102
-1.1781
-1.1780
-1.1780
-1.1780
-1.2047
-1.1891
-1.2096
-1.2309
-1.2309
-1.1633
-1.1477
-1.1477
-1.2096
-1.2096
-1.2096
-1.2096
-1.2096
-1.2081
-1.1927
-1.1927
-1.1837
-1.1837
-1.1630
-1.1083
-1.1710
-1.1629
-1.1629
-1.1043
-1.0893
-1.2311
-1.2136
-1.2127
-1.2127
-1.2127
-1.2127
-1.2127
-1.3476
-1.3407
-1.2979
